              | xb | xm              | fx(xm)           |
+----+-----------------+----+-----------------+------------------+
| 1  | -3              | 9  | 3               | -25.390562087566 |
| 2  | 3               | 9  | 6               | -213.92055845832 |
| 3  | 6               | 9  | 7.5             | -419.62370820139 |
| 4  | 7.5             | 9  | 8.25            | -559.18834729442 |
| 5  | 8.25            | 9  | 8.625           | -639.25593091019 |
| 6  | 8.625           | 9  | 8.8125          | -681.99942408087 |
| 7  | 8.8125          | 9  | 8.90625         | -704.06589469349 |
| 8  | 8.90625         | 9  | 8.953125        | -715.27497337137 |
| 9  | 8.953125        | 9  | 8.9765625       | -720.92374385052 |
| 10 | 8.9765625       | 9  | 8.98828125      | -723.75922066241 |
| 11 | 8.98828125      | 9  | 8.994140625     | -725.17973618485 |
| 12 | 8.994140625     | 9  | 8.9970703125    | -725.89068875312 |
| 13 | 8.9970703125    | 9  | 8.99853515625   | -726.246338805   |
| 14 | 8.99853515625   | 9  | 8.999267578125  | -726.42420728114 |
| 15 | 8.999267578125  | 9  | 8.9996337890625 | -726.51315238278 |
| 16 | 8.9996337890625 | 9  | 8.9998168945312 | -726.55762764963 |
| 17 | 8.9998168945312 | 9  | 8.9999084472656 | -726.57986596207 |
| 18 | 8.9999084472656 | 9  | 8.9999542236328 | -726.59098528805 |
| 19 | 8.9999542236328 | 9  | 8.9999771118164 | -726.59654499348 |
| 20 | 8.9999771118164 | 9  | 8.9999885559082 | -726.5993248568  |
| 21 | 8.9999885559082 | 9  | 8.9999942779541 | -726.60071479112 |
| 22 | 8.9999942779541 | 9  | 8.9999971389771 | -726.60140975894 |
| 23 | 8.9999971389771 | 9  | 8.9999985694885 | -726.60175724302 |
| 24 | 8.9999985694885 | 9  | 8.9999992847443 | -726.60193098509 |
| 25 | 8.9999992847443 | 9  | 8.9999996423721 | -726.60201785614 |
| 26 | 8.9999996423721 | 9  | 8.9999998211861 | -726.60206129167 |
| 27 | 8.9999998211861 | 9  | 8.999999910593  | -726.60208300944 |
| 28 | 8.999999910593  | 9  | 8.9999999552965 | -726.60209386832 |
| 29 | 8.9999999552965 | 9  | 8.9999999776483 | -726.60209929776 |
| 30 | 8.9999999776483 | 9  | 8.9999999888241 | -726.60210201248 |
| 31 | 8.9999999888241 | 9  | 8.9999999944121 | -726.60210336984 |
+----+-----------------+----+-----------------+------------------+
